NAME : city031
COMMENT : a comment by the user
TYPE : TSP
DIMENSION : 50
EDGE_WEIGHT_TYPE : EXPLICIT
EDGE_WEIGHT_FORMAT: FULL_MATRIX
EDGE_WEIGHT_SECTION
0 79801 78454 96921 94721 108566 121250 118191 90985 60842 101305 42781 81858 120187 29782 90076 77855 98854 93012 113201 97743 131457 31119 64932 57725 47343 97242 36541 121582 29188 93113 28537 45706 76205 41077 73429 83985 76110 60770 66877 52928 65928 96127 83492 89325 89820 30913 117355 80167 27057
79801 0 1414 70604 81320 51478 46141 53338 30083 20518 70178 46400 83216 61008 57070 76419 12369 78746 60216 35608 22472 63324 62393 64884 52810 64776 20099 47074 62000 52801 36400 51623 62513 63820 39000 14035 46227 24041 21095 38948 69856 13892 18000 46861 12649 12165 52497 61294 30364 55000
78454 1414 0 70802 81320 52345 47507 54451 30805 19104 70491 45000 82927 62000 55901 76380 11704 78873 60464 37013 23769 64560 61294 64404 52201 63953 21023 45891 63007 51400 36235 50249 61660 63600 37696 13000 46400 24083 20024 38587 69123 12529 19026 47010 13928 13038 51088 62201 29732 53600
96921 70604 70802 0 15033 36345 67911 49091 44204 76694 5830 94201 29154 42296 68249 13601 82097 8944 10630 70774 61854 60207 65802 33120 39623 50566 85632 66068 43416 88005 107004 83006 51623 21023 71344 81633 24413 46872 62032 38078 47169 70213 82807 23853 64381 79931 90049 37336 99644 89005
94721 81320 81320 15033 0 51351 82764 64124 57306 84380 20099 98671 16970 57140 68029 5385 92097 7615 24351 85094 75179 75106 64124 30016 40792 47381 97800 68066 58215 90426 117456 85158 49162 20880 75286 91049 35805 57280 69641 44944 42201 78816 95000 35000 76609 91547 92763 52153 109018 91082
108566 51478 52345 36345 51351 0 31953 13152 22022 66370 32015 90470 63285 11661 79025 49010 63788 44911 28071 37013 33541 26000 79931 57271 54817 70213 59481 72401 13038 90077 85094 86330 69814 47127 72090 65276 26627 35440 54817 41868 70327 58215 56797 27459 40521 56302 91181 10049 81584 91787
121250 46141 47507 67911 82764 31953 0 21400 32893 66287 63890 92357 93134 31890 94031 79906 55713 76655 58694 12041 24207 21840 97128 83024 76537 92027 42107 85211 31827 97000 69007 94752 90824 75059 80659 59093 52153 46141 60827 60745 94111 58600 40311 53150 33837 43416 97185 35805 70405 99085
118191 53338 54451 49091 64124 13152 21400 0 27784 70880 44407 96208 76419 10630 89106 62008 65069 57428 41194 29681 32062 13601 90686 70007 66573 82152 56753 81688 10816 97616 83546 94339 81541 60166 79924 67364 38910 42720 61269 52497 82734 62641 54341 39812 41048 55326 98412 14422 82054 99478
90985 30083 30805 44204 57306 22022 32893 27784 0 44407 42426 68963 64031 32756 62481 53225 42449 53009 33600 30016 17888 40607 64899 51039 43680 59135 41773 54451 33955 69835 65299 66573 57939 44721 52153 43566 22135 15000 33615 27856 61392 36221 38948 23086 20808 36891 70661 32062 60440 71693
60842 20518 19104 76694 84380 66370 66287 70880 44407 0 77794 26076 82073 77103 42190 79075 17262 83630 67357 56080 42190 82079 48662 61554 48166 55901 36400 32388 78262 32756 38626 32310 53225 64404 22000 13038 53160 32140 14764 39446 62265 8246 35341 53450 32449 29068 32202 76419 26925 34985
101305 70178 70491 5830 20099 32015 63890 44407 42426 77794 0 96519 34928 37054 72277 19313 81987 13038 10440 67535 59665 55036 70228 38275 43680 55470 84172 69462 38118 91087 106508 86209 56364 26076 74027 81841 24698 46957 63324 40199 52430 70936 81344 24351 63031 78873 93021 32062 99764 92195
42781 46400 45000 94201 98671 90470 92357 96208 68963 26076 96519 0 92130 101651 38209 93300 39824 99689 86284 82006 68264 107837 45343 71112 58309 59203 59405 32449 102883 14866 50635 18867 56400 77794 23409 35468 73006 55108 35693 56320 66400 34000 59033 73027 58523 53150 12369 100439 37854 16492
81858 83216 82927 29154 16970 63285 93134 76419 64031 82073 34928 92130 0 70830 57723 15652 92617 24207 35227 93557 81608 88459 52611 21095 34409 35510 101533 60008 72034 81932 118067 76550 37854 19697 68963 90785 41976 59941 67896 44407 29068 77897 98838 41000 81024 94514 84504 65969 108245 82219
120187 61008 62000 42296 57140 11661 31890 10630 32756 77103 37054 101651 70830 0 90603 55731 73109 50009 36055 40224 41000 18000 91350 67230 65855 81055 66407 84059 1414 101636 92892 97943 80808 56364 83671 75000 37536 46818 66098 53413 80709 68883 63890 38288 49254 64327 102693 5000 90553 103368
29782 57070 55901 68249 68029 79025 94031 89106 62481 42190 72277 38209 57723 90603 0 63000 59008 71175 63568 87206 71554 102532 7211 38118 28635 22472 76531 10049 92005 25238 80049 20000 19924 48166 20396 55081 54203 48010 36138 37202 29546 44181 74813 53712 64257 68593 28017 87658 67446 25059
90076 76419 76380 13601 5385 49010 79906 62008 53225 79075 19313 93300 15652 55731 63000 0 87045 9433 21213 81608 71112 73552 59304 25179 35510 42755 93230 62801 56885 85158 112449 79906 44407 15524 69921 85912 31384 52402 64350 39661 37947 73600 90443 30528 72111 86833 87475 50803 103855 85842
77855 12369 11704 82097 92097 63788 55713 65069 42449 17262 81987 39824 92617 73109 59008 87045 0 90000 71867 44283 33376 74330 65192 73246 60415 70519 19723 49040 74060 49244 25495 49335 68007 73661 39115 4472 57688 35227 26000 48270 76321 15811 19209 58249 24020 13453 48301 73552 18027 51478
98854 78746 78873 8944 7615 44911 76655 57428 53009 83630 13038 99689 24207 50009 71175 9433 90000 0 19416 79705 70724 68007 67896 33955 43011 51662 94260 70178 51039 92439 115108 87281 53150 23021 76485 89308 32557 54817 68876 44384 47169 77524 91438 31890 73000 88391 94641 45011 107335 93263
93012 60216 60464 10630 24351 28071 58694 41194 33600 67357 10440 86284 35227 36055 63568 21213 71867 19416 0 60745 51312 53366 62169 32557 35341 48600 75006 60016 37336 81301 96607 76531 49091 20808 64007 71589 14317 36715 52886 30016 46669 60539 72180 13928 53758 69354 83150 31384 89554 82492
113201 35608 37013 70774 85094 37013 12041 29681 30016 56080 67535 82006 93557 40224 87206 81608 44283 79705 60745 0 15652 33376 91000 81006 72835 87863 30066 77897 40496 87726 57000 85912 86348 74545 72201 47885 51623 40521 52430 56718 90796 48795 28284 52611 24083 31622 87681 43278 58463 89872
97743 22472 23769 61854 75179 33541 24207 32062 17888 42190 59665 68264 81608 41000 71554 71112 33376 70724 51312 15652 0 41000 75392 67268 58137 72835 25942 62265 41773 72862 51923 70767 71196 62096 56850 36138 39924 25317 37013 42047 76164 34409 23259 40853 9848 23345 73000 42379 50009 74966
131457 63324 64560 60207 75106 26000 21840 13601 40607 82079 55036 107837 88459 18000 102532 73552 74330 68007 53366 33376 41000 0 104235 83258 80156 95718 63071 94921 17029 110136 90138 107074 95131 73054 92655 77129 52354 55605 73573 66068 96176 73925 61008 53235 50695 63198 110788 23000 90354 112058
31119 62393 61294 65802 64124 79931 97128 90686 64899 48662 70228 45343 52611 91350 7211 59304 65192 67896 62169 91000 75392 104235 0 34132 26832 17117 82152 16278 92763 32015 86833 26907 15000 45122 27202 61400 54203 51000 41303 38209 23769 50000 80305 53600 68680 74168 34828 88090 74330 31622
64932 64884 64404 33120 30016 57271 83024 70007 51039 61554 38275 71112 21095 67230 38118 25179 73246 33955 32557 81006 67268 83258 34132 0 13453 17720 84154 39217 68600 61400 98473 56044 19235 12206 47885 71028 31320 43174 47801 26248 14212 58008 81596 30364 64761 76694 63890 62968 88090 61846
57725 52810 52201 39623 40792 54817 76537 66573 43680 48166 43680 58309 34409 65855 28635 35510 60415 43011 35341 72835 58137 80156 26832 13453 0 15652 72532 27294 67268 49648 85440 44407 15000 20099 34928 57982 28319 33000 34669 16124 18027 44944 70092 27586 54230 64845 51971 62225 74813 50358
47343 64776 63953 50566 47381 70213 92027 82152 59135 55901 55470 59203 35510 81055 22472 42755 70519 51662 48600 87863 72835 95718 17117 17720 15652 0 84852 26907 82462 47413 94429 42059 2828 29546 37536 67416 43600 47518 44643 31320 7211 54708 82607 42801 68029 76941 50119 77233 82764 47423
97242 20099 21023 85632 97800 59481 42107 56753 41773 36400 84172 59405 101533 66407 76531 93230 19723 94260 75006 30066 25942 63071 82152 84154 72532 84852 0 66483 67052 68876 27073 68709 82607 81884 57489 24186 62008 41593 41000 57939 89822 32388 2828 62801 21260 8000 68000 68154 29154 71112
36541 47074 45891 66068 68066 72401 85211 81688 54451 32388 69462 32449 60008 84059 10049 62801 49040 70178 60016 77897 62265 94921 16278 39217 27294 26907 66483 0 85440 22360 70604 17117 24083 47381 11180 45177 49040 39623 26248 31384 34058 34132 64776 48703 54626 58549 24738 81492 58189 23086
121582 62000 63007 43416 58215 13038 31827 10816 33955 78262 38118 102883 72034 1414 92005 56885 74060 51039 37336 40496 41773 17029 92763 68600 67268 82462 67052 85440 0 102956 93621 99282 82219 57697 85000 76006 38948 48104 67357 54817 82097 70035 64560 39698 50159 65115 104000 6082 91443 104694
29188 52801 51400 88005 90426 90077 97000 97616 69835 32756 91087 14866 81932 101636 25238 85158 49244 92439 81301 87726 72862 110136 32015 61400 49648 47413 68876 22360 102956 0 64070 5385 44721 69720 18027 44777 69231 55009 36619 51623 54589 39051 68000 69050 63655 61773 2828 99724 51088 2236
93113 36400 36235 107004 117456 85094 69007 83546 65299 38626 106508 50635 118067 92892 80049 112449 25495 115108 96607 57000 51923 90138 86833 98473 85440 94429 27073 70604 93621 64070 0 66030 91787 99156 59665 27459 82619 60307 50774 73756 100623 40496 29274 83240 44777 28792 62201 94254 13000 66121
28537 51623 50249 83006 85158 86330 94752 94339 66573 32310 86209 18867 76550 97943 20000 79906 49335 87281 76531 85912 70767 107074 26907 56044 44407 42059 68709 17117 99282 5385 66030 0 39357 64498 14422 44922 64761 51623 33970 47074 49244 37735 67623 64536 61846 61326 8062 95854 53037 6000
45706 62513 61660 51623 49162 69814 90824 81541 57939 53225 56364 56400 37854 80808 19924 44407 68007 53150 49091 86348 71196 95131 15000 19235 15000 2828 82607 24083 82219 44721 91787 39357 0 30675 34713 64845 43278 45891 42201 30083 10000 52201 80399 42520 66121 74672 47413 77103 80062 44777
76205 63820 63600 21023 20880 47127 75059 60166 44721 64404 26076 77794 19697 56364 48166 15524 73661 23021 20808 74545 62096 73054 45122 12206 20099 29546 81884 47381 57697 69720 99156 64498 30675 0 54405 72124 23021 40311 49819 25455 26400 59464 79177 22022 61326 74946 72006 51884 89872 70455
41077 39000 37696 71344 75286 72090 80659 79924 52153 22000 74027 23409 68963 83671 20396 69921 39115 76485 64007 72201 56850 92655 27202 47885 34928 37536 57489 11180 85000 18027 59665 14422 34713 54405 0 35014 51478 37215 19849 34058 44553 25298 56044 51351 48259 49729 19416 81706 47127 19697
73429 14035 13000 81633 91049 65276 59093 67364 43566 13038 81841 35468 90785 75000 55081 85912 4472 89308 71589 47885 36138 77129 61400 71028 57982 67416 24186 45177 76006 44777 27459 44922 64845 72124 35014 0 57306 34885 23323 46669 73409 13038 23600 57801 26476 17691 43829 75166 18027 47010
83985 46227 46400 24413 35805 26627 52153 38910 22135 53160 24698 73006 41976 37536 54203 31384 57688 32557 14317 51623 39924 52354 54203 31320 28319 43600 62008 49040 38948 69231 82619 64761 43278 23021 51478 57306 0 22472 38832 17720 43829 46238 59203 1000 40804 55901 70859 33970 75292 70611
76110 24041 24083 46872 57280 35440 46141 42720 15000 32140 46957 55108 59941 46818 48010 52402 35227 54817 36715 40521 25317 55605 51000 43174 33000 47518 41593 39623 48104 55009 60307 51623 45891 40311 37215 34885 22472 0 19416 17117 51009 24515 38910 23021 21587 34669 55946 45354 52839 56824
60770 21095 20024 62032 69641 54817 60827 61269 33615 14764 63324 35693 67896 66098 36138 64350 26000 68876 52886 52430 37013 73573 41303 47801 34669 44643 41000 26248 67357 36619 50774 33970 42201 49819 19849 23323 38832 19416 0 24698 50328 10295 39051 39051 28653 33000 37215 64761 40360 38600
66877 38948 38587 38078 44944 41868 60745 52497 27856 39446 40199 56320 44407 53413 37202 39661 48270 44384 30016 56718 42047 66068 38209 26248 16124 31320 57939 31384 54817 51623 73756 47074 30083 25455 34058 46669 17720 17117 24698 0 34132 34058 55362 17464 38639 50566 53338 50477 64443 52952
52928 69856 69123 47169 42201 70327 94111 82734 61392 62265 52430 66400 29068 80709 29546 37947 76321 47169 46669 90796 76164 96176 23769 14212 18027 7211 89822 34058 82097 54589 100623 49244 10000 26400 44553 73409 43829 51009 50328 34132 0 60539 87475 42941 72111 82000 57306 76609 89185 54561
65928 13892 12529 70213 78816 58215 58600 62641 36221 8246 70936 34000 77897 68883 44181 73600 15811 77524 60539 48795 34409 73925 50000 58008 44944 54708 32388 34132 70035 39051 40496 37735 52201 59464 25298 13038 46238 24515 10295 34058 60539 0 30805 46615 24839 24515 38897 68264 30413 41231
96127 18000 19026 82807 95000 56797 40311 54341 38948 35341 81344 59033 98838 63890 74813 90443 19209 91438 72180 28284 23259 61008 80305 81596 70092 82607 2828 64776 64560 68000 29274 67623 80399 79177 56044 23600 59203 38910 39051 55362 87475 30805 0 60000 18439 6324 67230 65551 30364 70235
83492 46861 47010 23853 35000 27459 53150 39812 23086 53450 24351 73027 41000 38288 53712 30528 58249 31890 13928 52611 40853 53235 53600 30364 27586 42801 62801 48703 39698 69050 83240 64536 42520 22022 51351 57801 1000 23021 39051 17464 42941 46615 60000 0 41617 56639 70710 34655 75802 70405
89325 12649 13928 64381 76609 40521 33837 41048 20808 32449 63031 58523 81024 49254 64257 72111 24020 73000 53758 24083 9848 50695 68680 64761 54230 68029 21260 54626 50159 63655 44777 61846 66121 61326 48259 26476 40804 21587 28653 38639 72111 24839 18439 41617 0 16124 63655 50009 41303 65795
89820 12165 13038 79931 91547 56302 43416 55326 36891 29068 78873 53150 94514 64327 68593 86833 13453 88391 69354 31622 23345 63198 74168 76694 64845 76941 8000 58549 65115 61773 28792 61326 74672 74946 49729 17691 55901 34669 33000 50566 82000 24515 6324 56639 16124 0 61057 65520 27166 64007
30913 52497 51088 90049 92763 91181 97185 98412 70661 32202 93021 12369 84504 102693 28017 87475 48301 94641 83150 87681 73000 110788 34828 63890 51971 50119 68000 24738 104000 2828 62201 8062 47413 72006 19416 43829 70859 55946 37215 53338 57306 38897 67230 70710 63655 61057 0 100900 49254 4123
117355 61294 62201 37336 52153 10049 35805 14422 32062 76419 32062 100439 65969 5000 87658 50803 73552 45011 31384 43278 42379 23000 88090 62968 62225 77233 68154 81492 6082 99724 94254 95854 77103 51884 81706 75166 33970 45354 64761 50477 76609 68264 65551 34655 50009 65520 100900 0 91241 101390
80167 30364 29732 99644 109018 81584 70405 82054 60440 26925 99764 37854 108245 90553 67446 103855 18027 107335 89554 58463 50009 90354 74330 88090 74813 82764 29154 58189 91443 51088 13000 53037 80062 89872 47127 18027 75292 52839 40360 64443 89185 30413 30364 75802 41303 27166 49254 91241 0 53150
27057 55000 53600 89005 91082 91787 99085 99478 71693 34985 92195 16492 82219 103368 25059 85842 51478 93263 82492 89872 74966 112058 31622 61846 50358 47423 71112 23086 104694 2236 66121 6000 44777 70455 19697 47010 70611 56824 38600 52952 54561 41231 70235 70405 65795 64007 4123 101390 53150 0
EOF
